Loading TPC-C
TPC-C loaded - consumed space in GiB = 19.6637
Warehouse pages = 8
+-----+------------+----------+----------+----------+----------+----------+----------+----------+----------+----------+----------+----------+----------+----------+----------+----------+
| t   | OLTP TX    | RF %     | Abort%   | OLAP TX  | W MiB    | R MiB    | Instrs/- | Cycles/- | CPUs     | L1/TX    | LLC/TX   | GHz      | WAL      | GCT      | Space G  | GCT      |
|     |            |          |          |          |          |          | TX       | TX       |          |          |          |          | GiB/s    | GiB/s    |          | Rounds   |
| 0   | 17107      | 99.9356- | 3.284713 | 0        | 0.0      | 0.0      | 0.000000 | 0.000000 | -        | 0.000000 | 0.000000 | 40.0000- | 12.7     | 12.7     | 19.8     | 1016     |
| 1   | 271785     | 98.8921- | 3.266967 | 0        | 0.0      | 0.0      | 0.000000 | 0.000000 | -        | 0.000000 | 0.000000 | 40.0000- | 0.6      | 0.6      | 20.1     | 3        |
| 2   | 246798     | 97.4708- | 3.292320 | 0        | 0.0      | 0.0      | 0.000000 | 0.000000 | -        | 0.000000 | 0.000000 | 40.0000- | 0.5      | 0.4      | 20.4     | 2        |
| 3   | 232354     | 97.5167- | 3.262014 | 0        | 0.0      | 0.0      | 0.000000 | 0.000000 | -        | 0.000000 | 0.000000 | 40.0000- | 0.5      | 0.6      | 20.7     | 3        |
| 4   | 214422     | 97.5604- | 3.251831 | 0        | 0.0      | 0.0      | 0.000000 | 0.000000 | -        | 0.000000 | 0.000000 | 40.0000- | 0.5      | 0.4      | 21.0     | 2        |
| 5   | 214976     | 97.5606- | 3.292472 | 0        | 0.0      | 0.0      | 0.000000 | 0.000000 | -        | 0.000000 | 0.000000 | 40.0000- | 0.5      | 0.6      | 21.2     | 3        |
| 6   | 246392     | 97.5538- | 3.258838 | 0        | 0.0      | 0.0      | 0.000000 | 0.000000 | -        | 0.000000 | 0.000000 | 40.0000- | 0.5      | 0.4      | 21.5     | 2        |
| 7   | 233400     | 97.5449- | 3.155134 | 0        | 0.0      | 0.0      | 0.000000 | 0.000000 | -        | 0.000000 | 0.000000 | 40.0000- | 0.5      | 0.6      | 21.8     | 3        |
| 8   | 213422     | 97.5513- | 3.309956 | 0        | 0.0      | 0.0      | 0.000000 | 0.000000 | -        | 0.000000 | 0.000000 | 40.0000- | 0.4      | 0.4      | 22.0     | 2        |
| 9   | 214367     | 97.5266- | 3.303261 | 0        | 0.0      | 0.0      | 0.000000 | 0.000000 | -        | 0.000000 | 0.000000 | 40.0000- | 0.5      | 0.6      | 22.3     | 3        |
| 10  | 247450     | 97.4669- | 3.314162 | 0        | 0.0      | 0.0      | 0.000000 | 0.000000 | -        | 0.000000 | 0.000000 | 40.0000- | 0.5      | 0.4      | 22.6     | 2        |
| 11  | 234135     | 97.5894- | 3.295954 | 0        | 0.0      | 0.0      | 0.000000 | 0.000000 | -        | 0.000000 | 0.000000 | 40.0000- | 0.5      | 0.6      | 22.8     | 3        |
| 12  | 208000     | 97.5764- | 3.222054 | 0        | 0.0      | 0.0      | 0.000000 | 0.000000 | -        | 0.000000 | 0.000000 | 40.0000- | 0.4      | 0.4      | 23.1     | 2        |
| 13  | 214887     | 97.4958- | 3.319026 | 0        | 0.0      | 0.0      | 0.000000 | 0.000000 | -        | 0.000000 | 0.000000 | 40.0000- | 0.5      | 0.6      | 23.3     | 3        |
| 14  | 245025     | 97.5386- | 3.340145 | 0        | 0.0      | 0.0      | 0.000000 | 0.000000 | -        | 0.000000 | 0.000000 | 40.0000- | 0.5      | 0.4      | 23.6     | 2        |
| 15  | 234268     | 97.5092- | 3.293346 | 0        | 0.0      | 0.0      | 0.000000 | 0.000000 | -        | 0.000000 | 0.000000 | 40.0000- | 0.5      | 0.6      | 23.9     | 3        |
| 16  | 206944     | 97.5838- | 3.253796 | 0        | 0.0      | 0.0      | 0.000000 | 0.000000 | -        | 0.000000 | 0.000000 | 40.0000- | 0.4      | 0.4      | 24.1     | 2        |
| 17  | 215186     | 97.5732- | 3.274149 | 0        | 0.0      | 0.0      | 0.000000 | 0.000000 | -        | 0.000000 | 0.000000 | 40.0000- | 0.5      | 0.6      | 24.4     | 3        |
| 18  | 244849     | 97.5580- | 3.324147 | 0        | 0.0      | 0.0      | 0.000000 | 0.000000 | -        | 0.000000 | 0.000000 | 40.0000- | 0.5      | 0.4      | 24.7     | 2        |
| 19  | 236298     | 97.4934- | 3.226758 | 0        | 0.0      | 0.0      | 0.000000 | 0.000000 | -        | 0.000000 | 0.000000 | 40.0000- | 0.5      | 0.6      | 24.9     | 3        |
| 20  | 205525     | 97.4898- | 3.287359 | 0        | 0.0      | 0.0      | 0.000000 | 0.000000 | -        | 0.000000 | 0.000000 | 40.0000- | 0.4      | 0.4      | 25.2     | 2        |
| 21  | 216142     | 97.4720- | 3.332394 | 0        | 0.0      | 0.0      | 0.000000 | 0.000000 | -        | 0.000000 | 0.000000 | 40.0000- | 0.5      | 0.6      | 25.4     | 3        |
| 22  | 243748     | 97.5765- | 3.207770 | 0        | 0.0      | 0.0      | 0.000000 | 0.000000 | -        | 0.000000 | 0.000000 | 40.0000- | 0.5      | 0.4      | 25.8     | 2        |
| 23  | 238000     | 97.5277- | 3.229610 | 0        | 0.0      | 0.0      | 0.000000 | 0.000000 | -        | 0.000000 | 0.000000 | 40.0000- | 0.5      | 0.6      | 26.0     | 3        |
| 24  | 204837     | 97.5966- | 3.216250 | 0        | 0.0      | 0.0      | 0.000000 | 0.000000 | -        | 0.000000 | 0.000000 | 40.0000- | 0.4      | 0.4      | 26.3     | 2        |
| 25  | 215813     | 97.6141- | 3.222870 | 0        | 0.0      | 0.0      | 0.000000 | 0.000000 | -        | 0.000000 | 0.000000 | 40.0000- | 0.5      | 0.6      | 26.5     | 3        |
| 26  | 244109     | 97.4875- | 3.312829 | 0        | 0.0      | 0.0      | 0.000000 | 0.000000 | -        | 0.000000 | 0.000000 | 40.0000- | 0.5      | 0.4      | 26.8     | 2        |
| 27  | 236660     | 97.5310- | 3.240974 | 0        | 0.0      | 0.0      | 0.000000 | 0.000000 | -        | 0.000000 | 0.000000 | 40.0000- | 0.5      | 0.6      | 27.1     | 3        |
| 28  | 203062     | 97.5396- | 3.324065 | 0        | 0.0      | 0.0      | 0.000000 | 0.000000 | -        | 0.000000 | 0.000000 | 40.0000- | 0.4      | 0.4      | 27.3     | 2        |
| 29  | 217052     | 97.5231- | 3.197292 | 0        | 0.0      | 0.0      | 0.000000 | 0.000000 | -        | 0.000000 | 0.000000 | 40.0000- | 0.5      | 0.6      | 27.5     | 3        |
| 30  | 244069     | 97.5207- | 3.196008 | 0        | 0.0      | 0.0      | 0.000000 | 0.000000 | -        | 0.000000 | 0.000000 | 40.0000- | 0.5      | 0.4      | 27.9     | 2        |
| 31  | 237702     | 97.5873- | 3.186628 | 0        | 0.0      | 0.0      | 0.000000 | 0.000000 | -        | 0.000000 | 0.000000 | 40.0000- | 0.5      | 0.6      | 28.1     | 3        |
| 32  | 201968     | 97.5179- | 3.249326 | 0        | 0.0      | 0.0      | 0.000000 | 0.000000 | -        | 0.000000 | 0.000000 | 40.0000- | 0.4      | 0.4      | 28.4     | 2        |
| 33  | 217939     | 97.4667- | 3.256464 | 0        | 0.0      | 0.0      | 0.000000 | 0.000000 | -        | 0.000000 | 0.000000 | 40.0000- | 0.5      | 0.6      | 28.6     | 3        |
| 34  | 243513     | 97.4650- | 3.316830 | 0        | 0.0      | 0.0      | 0.000000 | 0.000000 | -        | 0.000000 | 0.000000 | 40.0000- | 0.5      | 0.4      | 28.9     | 2        |
| 35  | 239201     | 97.5627- | 3.259713 | 0        | 0.0      | 0.0      | 0.000000 | 0.000000 | -        | 0.000000 | 0.000000 | 40.0000- | 0.5      | 0.6      | 29.2     | 3        |
| 36  | 200635     | 97.5288- | 3.207209 | 0        | 0.0      | 0.0      | 0.000000 | 0.000000 | -        | 0.000000 | 0.000000 | 40.0000- | 0.4      | 0.4      | 29.4     | 2        |
| 37  | 217649     | 97.4913- | 3.365464 | 0        | 0.0      | 0.0      | 0.000000 | 0.000000 | -        | 0.000000 | 0.000000 | 40.0000- | 0.5      | 0.6      | 29.7     | 3        |
| 38  | 243698     | 97.4985- | 3.281011 | 0        | 0.0      | 0.0      | 0.000000 | 0.000000 | -        | 0.000000 | 0.000000 | 40.0000- | 0.5      | 0.4      | 30.0     | 2        |
| 39  | 240176     | 97.5763- | 3.346976 | 0        | 0.0      | 0.0      | 0.000000 | 0.000000 | -        | 0.000000 | 0.000000 | 40.0000- | 0.5      | 0.6      | 30.2     | 3        |
| 40  | 198970     | 97.5785- | 3.284450 | 0        | 0.0      | 0.0      | 0.000000 | 0.000000 | -        | 0.000000 | 0.000000 | 40.0000- | 0.4      | 0.4      | 30.5     | 2        |
| 41  | 218453     | 97.4914- | 3.186020 | 0        | 0.0      | 0.0      | 0.000000 | 0.000000 | -        | 0.000000 | 0.000000 | 40.0000- | 0.5      | 0.6      | 30.7     | 3        |
| 42  | 244849     | 97.5225- | 3.292836 | 0        | 0.0      | 0.0      | 0.000000 | 0.000000 | -        | 0.000000 | 0.000000 | 40.0000- | 0.5      | 0.4      | 31.1     | 2        |
| 43  | 240973     | 97.5337- | 3.302140 | 0        | 0.0      | 0.0      | 0.000000 | 0.000000 | -        | 0.000000 | 0.000000 | 40.0000- | 0.5      | 0.6      | 31.3     | 3        |
| 44  | 197134     | 97.5493- | 3.322086 | 0        | 0.0      | 0.0      | 0.000000 | 0.000000 | -        | 0.000000 | 0.000000 | 40.0000- | 0.4      | 0.4      | 31.6     | 2        |
| 45  | 218061     | 97.3897- | 3.402129 | 0        | 0.0      | 0.0      | 0.000000 | 0.000000 | -        | 0.000000 | 0.000000 | 40.0000- | 0.5      | 0.6      | 31.8     | 3        |
| 46  | 243913     | 97.3732- | 3.269008 | 0        | 0.0      | 0.0      | 0.000000 | 0.000000 | -        | 0.000000 | 0.000000 | 40.0000- | 0.5      | 0.4      | 32.1     | 2        |
| 47  | 243129     | 97.4729- | 3.334195 | 0        | 0.0      | 0.0      | 0.000000 | 0.000000 | -        | 0.000000 | 0.000000 | 40.0000- | 0.5      | 0.6      | 32.4     | 3        |
| 48  | 196004     | 97.3980- | 3.324389 | 0        | 0.0      | 0.0      | 0.000000 | 0.000000 | -        | 0.000000 | 0.000000 | 40.0000- | 0.4      | 0.4      | 32.6     | 2        |
| 49  | 218748     | 97.5780- | 3.241388 | 0        | 0.0      | 0.0      | 0.000000 | 0.000000 | -        | 0.000000 | 0.000000 | 40.0000- | 0.5      | 0.6      | 32.8     | 3        |
| 50  | 245769     | 97.3605- | 3.256167 | 0        | 0.0      | 0.0      | 0.000000 | 0.000000 | -        | 0.000000 | 0.000000 | 40.0000- | 0.5      | 0.4      | 33.2     | 2        |
| 51  | 244968     | 97.5168- | 3.252713 | 0        | 0.0      | 0.0      | 0.000000 | 0.000000 | -        | 0.000000 | 0.000000 | 40.0000- | 0.5      | 0.6      | 33.4     | 3        |
| 52  | 193823     | 97.5364- | 3.259730 | 0        | 0.0      | 0.0      | 0.000000 | 0.000000 | -        | 0.000000 | 0.000000 | 40.0000- | 0.4      | 0.4      | 33.7     | 2        |
| 53  | 217519     | 97.5050- | 3.308559 | 0        | 0.0      | 0.0      | 0.000000 | 0.000000 | -        | 0.000000 | 0.000000 | 40.0000- | 0.5      | 0.6      | 33.9     | 3        |
| 54  | 244868     | 97.5488- | 3.259732 | 0        | 0.0      | 0.0      | 0.000000 | 0.000000 | -        | 0.000000 | 0.000000 | 40.0000- | 0.5      | 0.4      | 34.2     | 2        |
| 55  | 244244     | 97.4803- | 3.212972 | 0        | 0.0      | 0.0      | 0.000000 | 0.000000 | -        | 0.000000 | 0.000000 | 40.0000- | 0.5      | 0.6      | 34.5     | 3        |
| 56  | 193755     | 97.3951- | 3.325999 | 0        | 0.0      | 0.0      | 0.000000 | 0.000000 | -        | 0.000000 | 0.000000 | 40.0000- | 0.4      | 0.4      | 34.7     | 2        |
| 57  | 219000     | 97.4767- | 3.347530 | 0        | 0.0      | 0.0      | 0.000000 | 0.000000 | -        | 0.000000 | 0.000000 | 40.0000- | 0.5      | 0.6      | 35.0     | 3        |
| 58  | 244603     | 97.4636- | 3.267356 | 0        | 0.0      | 0.0      | 0.000000 | 0.000000 | -        | 0.000000 | 0.000000 | 40.0000- | 0.5      | 0.4      | 35.3     | 2        |
| 59  | 246821     | 97.4888- | 3.214283 | 0        | 0.0      | 0.0      | 0.000000 | 0.000000 | -        | 0.000000 | 0.000000 | 40.0000- | 0.5      | 0.6      | 35.5     | 3        |
| 60  | 192012     | 97.4959- | 3.266077 | 0        | 0.0      | 0.0      | 0.000000 | 0.000000 | -        | 0.000000 | 0.000000 | 40.0000- | 0.4      | 0.4      | 35.8     | 2        |
| 61  | 219620     | 97.5776- | 3.283482 | 0        | 0.0      | 0.0      | 0.000000 | 0.000000 | -        | 0.000000 | 0.000000 | 40.0000- | 0.5      | 0.6      | 36.0     | 3        |
| 62  | 245900     | 97.4936- | 3.266668 | 0        | 0.0      | 0.0      | 0.000000 | 0.000000 | -        | 0.000000 | 0.000000 | 40.0000- | 0.5      | 0.4      | 36.4     | 2        |
| 63  | 246378     | 97.5188- | 3.378524 | 0        | 0.0      | 0.0      | 0.000000 | 0.000000 | -        | 0.000000 | 0.000000 | 40.0000- | 0.5      | 0.6      | 36.6     | 3        |
| 64  | 190709     | 97.5328- | 3.221403 | 0        | 0.0      | 0.0      | 0.000000 | 0.000000 | -        | 0.000000 | 0.000000 | 40.0000- | 0.4      | 0.4      | 36.9     | 2        |
| 65  | 219797     | 97.4358- | 3.349398 | 0        | 0.0      | 0.0      | 0.000000 | 0.000000 | -        | 0.000000 | 0.000000 | 40.0000- | 0.5      | 0.6      | 37.1     | 3        |
| 66  | 245783     | 97.4990- | 3.436909 | 0        | 0.0      | 0.0      | 0.000000 | 0.000000 | -        | 0.000000 | 0.000000 | 40.0000- | 0.5      | 0.4      | 37.4     | 2        |
| 67  | 247715     | 97.3836- | 3.240108 | 0        | 0.0      | 0.0      | 0.000000 | 0.000000 | -        | 0.000000 | 0.000000 | 40.0000- | 0.5      | 0.6      | 37.7     | 3        |
| 68  | 189706     | 97.5198- | 3.339940 | 0        | 0.0      | 0.0      | 0.000000 | 0.000000 | -        | 0.000000 | 0.000000 | 40.0000- | 0.4      | 0.4      | 37.9     | 2        |
| 69  | 219551     | 97.4538- | 3.322809 | 0        | 0.0      | 0.0      | 0.000000 | 0.000000 | -        | 0.000000 | 0.000000 | 40.0000- | 0.5      | 0.6      | 38.2     | 3        |
| 70  | 244338     | 97.4596- | 3.327807 | 0        | 0.0      | 0.0      | 0.000000 | 0.000000 | -        | 0.000000 | 0.000000 | 40.0000- | 0.5      | 0.4      | 38.5     | 2        |
| 71  | 249603     | 97.4395- | 3.262150 | 0        | 0.0      | 0.0      | 0.000000 | 0.000000 | -        | 0.000000 | 0.000000 | 40.0000- | 0.5      | 0.6      | 38.7     | 3        |
| 72  | 187671     | 97.5824- | 3.355528 | 0        | 0.0      | 0.0      | 0.000000 | 0.000000 | -        | 0.000000 | 0.000000 | 40.0000- | 0.4      | 0.4      | 39.0     | 2        |
| 73  | 220628     | 97.5238- | 3.219750 | 0        | 0.0      | 0.0      | 0.000000 | 0.000000 | -        | 0.000000 | 0.000000 | 40.0000- | 0.5      | 0.6      | 39.2     | 3        |
| 74  | 245165     | 97.4168- | 3.362305 | 0        | 0.0      | 0.0      | 0.000000 | 0.000000 | -        | 0.000000 | 0.000000 | 40.0000- | 0.5      | 0.4      | 39.5     | 2        |
| 75  | 250916     | 97.4238- | 3.239664 | 0        | 0.0      | 0.0      | 0.000000 | 0.000000 | -        | 0.000000 | 0.000000 | 40.0000- | 0.5      | 0.6      | 39.8     | 3        |
| 76  | 185581     | 97.3828- | 3.280765 | 0        | 0.0      | 0.0      | 0.000000 | 0.000000 | -        | 0.000000 | 0.000000 | 40.0000- | 0.4      | 0.4      | 40.0     | 2        |
| 77  | 221396     | 97.4972- | 3.328967 | 0        | 0.0      | 0.0      | 0.000000 | 0.000000 | -        | 0.000000 | 0.000000 | 40.0000- | 0.5      | 0.6      | 40.3     | 3        |
| 78  | 245086     | 97.4355- | 3.261127 | 0        | 0.0      | 0.0      | 0.000000 | 0.000000 | -        | 0.000000 | 0.000000 | 40.0000- | 0.5      | 0.4      | 40.6     | 2        |
| 79  | 250280     | 97.3945- | 3.285017 | 0        | 0.0      | 0.0      | 0.000000 | 0.000000 | -        | 0.000000 | 0.000000 | 40.0000- | 0.5      | 0.6      | 40.9     | 3        |
| 80  | 185050     | 97.5082- | 3.266614 | 0        | 0.0      | 0.0      | 0.000000 | 0.000000 | -        | 0.000000 | 0.000000 | 40.0000- | 0.4      | 0.4      | 41.1     | 2        |
| 81  | 220472     | 97.4001- | 3.262296 | 0        | 0.0      | 0.0      | 0.000000 | 0.000000 | -        | 0.000000 | 0.000000 | 40.0000- | 0.5      | 0.6      | 41.3     | 3        |
| 82  | 243652     | 97.5809- | 3.286217 | 0        | 0.0      | 0.0      | 0.000000 | 0.000000 | -        | 0.000000 | 0.000000 | 40.0000- | 0.5      | 0.4      | 41.7     | 2        |
| 83  | 252060     | 97.4275- | 3.247723 | 0        | 0.0      | 0.0      | 0.000000 | 0.000000 | -        | 0.000000 | 0.000000 | 40.0000- | 0.5      | 0.6      | 41.9     | 3        |
| 84  | 185257     | 97.4046- | 3.201923 | 0        | 0.0      | 0.0      | 0.000000 | 0.000000 | -        | 0.000000 | 0.000000 | 40.0000- | 0.4      | 0.4      | 42.2     | 2        |
| 85  | 221101     | 97.4441- | 3.228757 | 0        | 0.0      | 0.0      | 0.000000 | 0.000000 | -        | 0.000000 | 0.000000 | 40.0000- | 0.5      | 0.6      | 42.4     | 3        |
| 86  | 246197     | 97.3334- | 3.307687 | 0        | 0.0      | 0.0      | 0.000000 | 0.000000 | -        | 0.000000 | 0.000000 | 40.0000- | 0.5      | 0.4      | 42.7     | 2        |
| 87  | 250764     | 97.5447- | 3.221773 | 0        | 0.0      | 0.0      | 0.000000 | 0.000000 | -        | 0.000000 | 0.000000 | 40.0000- | 0.5      | 0.6      | 43.0     | 3        |
| 88  | 183739     | 97.4899- | 3.261150 | 0        | 0.0      | 0.0      | 0.000000 | 0.000000 | -        | 0.000000 | 0.000000 | 40.0000- | 0.4      | 0.4      | 43.2     | 2        |
| 89  | 221637     | 97.3961- | 3.362140 | 0        | 0.0      | 0.0      | 0.000000 | 0.000000 | -        | 0.000000 | 0.000000 | 40.0000- | 0.5      | 0.6      | 43.5     | 3        |
| 90  | 244721     | 97.3766- | 3.345682 | 0        | 0.0      | 0.0      | 0.000000 | 0.000000 | -        | 0.000000 | 0.000000 | 40.0000- | 0.5      | 0.4      | 43.8     | 2        |
| 91  | 252133     | 97.4664- | 3.299135 | 0        | 0.0      | 0.0      | 0.000000 | 0.000000 | -        | 0.000000 | 0.000000 | 40.0000- | 0.5      | 0.6      | 44.0     | 3        |
| 92  | 184137     | 97.3421- | 3.316811 | 0        | 0.0      | 0.0      | 0.000000 | 0.000000 | -        | 0.000000 | 0.000000 | 40.0000- | 0.4      | 0.4      | 44.3     | 2        |
| 93  | 220356     | 97.5249- | 3.238045 | 0        | 0.0      | 0.0      | 0.000000 | 0.000000 | -        | 0.000000 | 0.000000 | 40.0000- | 0.5      | 0.6      | 44.5     | 3        |
| 94  | 246229     | 97.4763- | 3.340295 | 0        | 0.0      | 0.0      | 0.000000 | 0.000000 | -        | 0.000000 | 0.000000 | 40.0000- | 0.5      | 0.4      | 44.8     | 2        |
| 95  | 252231     | 97.4503- | 3.371617 | 0        | 0.0      | 0.0      | 0.000000 | 0.000000 | -        | 0.000000 | 0.000000 | 40.0000- | 0.5      | 0.6      | 45.1     | 3        |
| 96  | 182741     | 97.4614- | 3.312663 | 0        | 0.0      | 0.0      | 0.000000 | 0.000000 | -        | 0.000000 | 0.000000 | 40.0000- | 0.4      | 0.4      | 45.3     | 2        |
| 97  | 220739     | 97.4848- | 3.321610 | 0        | 0.0      | 0.0      | 0.000000 | 0.000000 | -        | 0.000000 | 0.000000 | 40.0000- | 0.5      | 0.6      | 45.6     | 3        |
| 98  | 245623     | 97.4867- | 3.289274 | 0        | 0.0      | 0.0      | 0.000000 | 0.000000 | -        | 0.000000 | 0.000000 | 40.0000- | 0.5      | 0.4      | 45.9     | 2        |
| 99  | 251788     | 97.3815- | 3.318358 | 0        | 0.0      | 0.0      | 0.000000 | 0.000000 | -        | 0.000000 | 0.000000 | 40.0000- | 0.5      | 0.6      | 46.2     | 3        |
| 100 | 183049     | 97.3722- | 3.205525 | 0        | 0.0      | 0.0      | 0.000000 | 0.000000 | -        | 0.000000 | 0.000000 | 40.0000- | 0.4      | 0.4      | 46.4     | 2        |
| 101 | 221002     | 97.5348- | 3.304675 | 0        | 0.0      | 0.0      | 0.000000 | 0.000000 | -        | 0.000000 | 0.000000 | 40.0000- | 0.5      | 0.6      | 46.6     | 3        |
| 102 | 247952     | 97.4232- | 3.338206 | 0        | 0.0      | 0.0      | 0.000000 | 0.000000 | -        | 0.000000 | 0.000000 | 40.0000- | 0.5      | 0.4      | 47.0     | 2        |
| 103 | 250893     | 97.4379- | 3.260844 | 0        | 0.0      | 0.0      | 0.000000 | 0.000000 | -        | 0.000000 | 0.000000 | 40.0000- | 0.5      | 0.6      | 47.2     | 3        |
| 104 | 182576     | 97.3775- | 3.295586 | 0        | 0.0      | 0.0      | 0.000000 | 0.000000 | -        | 0.000000 | 0.000000 | 40.0000- | 0.4      | 0.4      | 47.5     | 2        |
| 105 | 221167     | 97.5009- | 3.308632 | 0        | 0.0      | 0.0      | 0.000000 | 0.000000 | -        | 0.000000 | 0.000000 | 40.0000- | 0.5      | 0.5      | 47.7     | 3        |
| 106 | 246752     | 97.4131- | 3.258031 | 0        | 0.0      | 0.0      | 0.000000 | 0.000000 | -        | 0.000000 | 0.000000 | 40.0000- | 0.5      | 0.4      | 48.0     | 2        |
| 107 | 250759     | 97.4381- | 3.286409 | 0        | 0.0      | 0.0      | 0.000000 | 0.000000 | -        | 0.000000 | 0.000000 | 40.0000- | 0.5      | 0.6      | 48.3     | 3        |
| 108 | 182000     | 97.6241- | 3.311322 | 0        | 0.0      | 0.0      | 0.000000 | 0.000000 | -        | 0.000000 | 0.000000 | 40.0000- | 0.4      | 0.4      | 48.5     | 2        |
| 109 | 220295     | 97.4325- | 3.218083 | 0        | 0.0      | 0.0      | 0.000000 | 0.000000 | -        | 0.000000 | 0.000000 | 40.0000- | 0.5      | 0.5      | 48.8     | 3        |
| 110 | 249276     | 97.4273- | 3.262536 | 0        | 0.0      | 0.0      | 0.000000 | 0.000000 | -        | 0.000000 | 0.000000 | 40.0000- | 0.5      | 0.4      | 49.1     | 2        |
| 111 | 251985     | 97.4938- | 3.266857 | 0        | 0.0      | 0.0      | 0.000000 | 0.000000 | -        | 0.000000 | 0.000000 | 40.0000- | 0.5      | 0.6      | 49.4     | 3        |
| 112 | 181047     | 97.3857- | 3.302872 | 0        | 0.0      | 0.0      | 0.000000 | 0.000000 | -        | 0.000000 | 0.000000 | 40.0000- | 0.4      | 0.4      | 49.6     | 2        |
| 113 | 218818     | 97.5262- | 3.324600 | 0        | 0.0      | 0.0      | 0.000000 | 0.000000 | -        | 0.000000 | 0.000000 | 40.0000- | 0.5      | 0.5      | 49.8     | 3        |
| 114 | 249082     | 97.4410- | 3.242823 | 0        | 0.0      | 0.0      | 0.000000 | 0.000000 | -        | 0.000000 | 0.000000 | 40.0000- | 0.5      | 0.4      | 50.2     | 2        |
| 115 | 251283     | 97.4184- | 3.288342 | 0        | 0.0      | 0.0      | 0.000000 | 0.000000 | -        | 0.000000 | 0.000000 | 40.0000- | 0.5      | 0.6      | 50.4     | 3        |
652931,653847,655002,652232,654196,652324,651599,652266,652928,654131,653145,655815,653079,653686,652469,655790,652970,653303,651150,653618,654355,655529,649946,654668,652857,653790,653065,653734,653063,652653,649750,653588,652820,652865,653082,652699,652515,652838,654175,652799,
TPC-C = 26127272
CH = 0

consumed space in GiB = 50.1228
