TPC-C loaded - consumed space in GiB = 0.227018
Warehouse pages = 1
Error opening counter cycle
+-----+------------+----------+----------+----------+----------+----------+----------+----------+----------+----------+----------+----------+----------+----------+----------+----------+
| t   | OLTP TX    | RF %     | Abort%   | OLAP TX  | W MiB    | R MiB    | Instrs/- | Cycles/- | CPUs     | L1/TX    | LLC/TX   | GHz      | WAL      | GCT      | Space G  | GCT      |
|     |            |          |          |          |          |          | TX       | TX       |          |          |          |          | GiB/s    | GiB/s    |          | Rounds   |
| 0   | 202        | -        | 0.000000 | 0        | 0.0      | 0.0      | 0.000000 | 0.000000 | -        | 0.000000 | 0.000000 | 4.000000 | 0.1      | 0.1      | 0.2      | 1044     |
| 1   | 34402      | 87.7419- | 20.4246- | 0        | 0.0      | 0.0      | 0.000000 | 0.000000 | -        | 0.000000 | 0.000000 | 4.000000 | 0.1      | 0.1      | 0.3      | 9675     |
| 2   | 31311      | 86.3274- | 19.8940- | 0        | 0.0      | 0.0      | 0.000000 | 0.000000 | -        | 0.000000 | 0.000000 | 4.000000 | 0.1      | 0.1      | 0.3      | 29583    |
| 3   | 33333      | 85.8278- | 19.1437- | 0        | 0.0      | 0.0      | 0.000000 | 0.000000 | -        | 0.000000 | 0.000000 | 4.000000 | 0.1      | 0.1      | 0.4      | 16683    |
| 4   | 33765      | 85.3457- | 20.9750- | 0        | 0.0      | 0.0      | 0.000000 | 0.000000 | -        | 0.000000 | 0.000000 | 4.000000 | 0.1      | 0.1      | 0.4      | 14101    |
| 5   | 32505      | 85.2945- | 20.5178- | 0        | 0.0      | 0.0      | 0.000000 | 0.000000 | -        | 0.000000 | 0.000000 | 4.000000 | 0.1      | 0.1      | 0.4      | 18278    |
| 6   | 34084      | 84.7670- | 19.8984- | 0        | 0.0      | 0.0      | 0.000000 | 0.000000 | -        | 0.000000 | 0.000000 | 4.000000 | 0.1      | 0.1      | 0.5      | 5116     |
| 7   | 31154      | 85.0934- | 21.0251- | 0        | 0.0      | 0.0      | 0.000000 | 0.000000 | -        | 0.000000 | 0.000000 | 4.000000 | 0.1      | 0.1      | 0.5      | 21783    |
| 8   | 32101      | 85.0035- | 19.9955- | 0        | 0.0      | 0.0      | 0.000000 | 0.000000 | -        | 0.000000 | 0.000000 | 4.000000 | 0.1      | 0.1      | 0.6      | 19250    |
| 9   | 32733      | 84.8532- | 20.6530- | 0        | 0.0      | 0.0      | 0.000000 | 0.000000 | -        | 0.000000 | 0.000000 | 4.000000 | 0.1      | 0.1      | 0.6      | 13798    |
| 10  | 30717      | 84.2660- | 20.0972- | 0        | 0.0      | 0.0      | 0.000000 | 0.000000 | -        | 0.000000 | 0.000000 | 4.000000 | 0.1      | 0.1      | 0.6      | 23935    |
| 11  | 33294      | 85.0213- | 19.8353- | 0        | 0.0      | 0.0      | 0.000000 | 0.000000 | -        | 0.000000 | 0.000000 | 4.000000 | 0.1      | 0.1      | 0.7      | 12478    |
| 12  | 32005      | 84.8586- | 19.3747- | 0        | 0.0      | 0.0      | 0.000000 | 0.000000 | -        | 0.000000 | 0.000000 | 4.000000 | 0.1      | 0.1      | 0.7      | 25411    |
| 13  | 32911      | 84.5067- | 20.8032- | 0        | 0.0      | 0.0      | 0.000000 | 0.000000 | -        | 0.000000 | 0.000000 | 4.000000 | 0.1      | 0.1      | 0.8      | 10734    |
| 14  | 31988      | 84.6473- | 21.2215- | 0        | 0.0      | 0.0      | 0.000000 | 0.000000 | -        | 0.000000 | 0.000000 | 4.000000 | 0.1      | 0.1      | 0.8      | 16321    |
| 15  | 32775      | 84.6346- | 19.9496- | 0        | 0.0      | 0.0      | 0.000000 | 0.000000 | -        | 0.000000 | 0.000000 | 4.000000 | 0.1      | 0.1      | 0.8      | 14573    |
| 16  | 42041      | 87.0436- | 22.5250- | 0        | 1.2      | 0.1      | 0.000000 | 0.000000 | -        | 0.000000 | 0.000000 | 4.000000 | 0.1      | 0.1      | 0.9      | 10234    |
| 17  | 2547       | 81.7824- | 24.2415- | 0        | 3.1      | 0.0      | 0.000000 | 0.000000 | -        | 0.000000 | 0.000000 | 4.000000 | 0.0      | 0.0      | 0.9      | 70392    |
| 18  | 2406       | 83.7489- | 26.1283- | 0        | 3.1      | 0.1      | 0.000000 | 0.000000 | -        | 0.000000 | 0.000000 | 4.000000 | 0.0      | 0.0      | 0.9      | 80900    |
| 19  | 2539       | 84.6002- | 25.6079- | 0        | 3.2      | 0.1      | 0.000000 | 0.000000 | -        | 0.000000 | 0.000000 | 4.000000 | 0.0      | 0.0      | 0.9      | 75213    |
| 20  | 2515       | 84.1749- | 28.1223- | 0        | 3.3      | 0.1      | 0.000000 | 0.000000 | -        | 0.000000 | 0.000000 | 4.000000 | 0.0      | 0.0      | 0.9      | 86670    |
| 21  | 2433       | 83.6004- | 27.8683- | 0        | 3.2      | 0.2      | 0.000000 | 0.000000 | -        | 0.000000 | 0.000000 | 4.000000 | 0.0      | 0.0      | 0.9      | 86705    |
| 22  | 2582       | 84.3919- | 25.4618- | 0        | 3.3      | 0.2      | 0.000000 | 0.000000 | -        | 0.000000 | 0.000000 | 4.000000 | 0.0      | 0.0      | 0.9      | 92354    |
| 23  | 2452       | 85.3588- | 25.4937- | 0        | 3.2      | 0.2      | 0.000000 | 0.000000 | -        | 0.000000 | 0.000000 | 4.000000 | 0.0      | 0.0      | 0.9      | 91762    |
| 24  | 2515       | 83.6580- | 25.7235- | 0        | 3.3      | 0.2      | 0.000000 | 0.000000 | -        | 0.000000 | 0.000000 | 4.000000 | 0.0      | 0.0      | 0.9      | 107305   |
| 25  | 2512       | 84.1958- | 25.7024- | 0        | 3.3      | 0.2      | 0.000000 | 0.000000 | -        | 0.000000 | 0.000000 | 4.000000 | 0.0      | 0.0      | 0.9      | 93795    |
| 26  | 2563       | 86.0710- | 25.7961- | 0        | 3.4      | 0.2      | 0.000000 | 0.000000 | -        | 0.000000 | 0.000000 | 4.000000 | 0.0      | 0.0      | 0.9      | 95328    |
| 27  | 2356       | 84.1256- | 24.5355- | 0        | 3.2      | 0.2      | 0.000000 | 0.000000 | -        | 0.000000 | 0.000000 | 4.000000 | 0.0      | 0.0      | 0.9      | 93415    |
| 28  | 2429       | 84.1086- | 24.8452- | 0        | 3.2      | 0.2      | 0.000000 | 0.000000 | -        | 0.000000 | 0.000000 | 4.000000 | 0.0      | 0.0      | 0.9      | 94979    |
| 29  | 2632       | 84.4604- | 25.0356- | 0        | 3.4      | 0.2      | 0.000000 | 0.000000 | -        | 0.000000 | 0.000000 | 4.000000 | 0.0      | 0.0      | 0.9      | 111091   |
| 30  | 2492       | 84.3900- | 24.2092- | 0        | 3.4      | 0.3      | 0.000000 | 0.000000 | -        | 0.000000 | 0.000000 | 4.000000 | 0.0      | 0.0      | 0.9      | 104873   |
| 31  | 2240       | 84.9553- | 24.6298- | 0        | 3.1      | 0.3      | 0.000000 | 0.000000 | -        | 0.000000 | 0.000000 | 4.000000 | 0.0      | 0.0      | 0.9      | 103621   |
| 32  | 2299       | 85.4719- | 25.4781- | 0        | 3.2      | 0.2      | 0.000000 | 0.000000 | -        | 0.000000 | 0.000000 | 4.000000 | 0.0      | 0.0      | 0.9      | 102161   |
| 33  | 2436       | 84.2364- | 24.3478- | 0        | 3.2      | 0.3      | 0.000000 | 0.000000 | -        | 0.000000 | 0.000000 | 4.000000 | 0.0      | 0.0      | 0.9      | 108149   |
| 34  | 2389       | 82.7961- | 24.9921- | 0        | 3.3      | 0.3      | 0.000000 | 0.000000 | -        | 0.000000 | 0.000000 | 4.000000 | 0.0      | 0.0      | 0.9      | 112587   |
| 35  | 2335       | 83.9828- | 23.2412- | 0        | 3.2      | 0.3      | 0.000000 | 0.000000 | -        | 0.000000 | 0.000000 | 4.000000 | 0.0      | 0.0      | 0.9      | 117442   |
| 36  | 2405       | 85.1559- | 26.9884- | 0        | 3.3      | 0.3      | 0.000000 | 0.000000 | -        | 0.000000 | 0.000000 | 4.000000 | 0.0      | 0.0      | 0.9      | 108455   |
| 37  | 2405       | 83.5758- | 24.4186- | 0        | 3.2      | 0.3      | 0.000000 | 0.000000 | -        | 0.000000 | 0.000000 | 4.000000 | 0.0      | 0.0      | 1.0      | 70278    |
| 38  | 2360       | 84.9576- | 24.7448- | 0        | 3.2      | 0.3      | 0.000000 | 0.000000 | -        | 0.000000 | 0.000000 | 4.000000 | 0.0      | 0.0      | 1.0      | 63638    |
| 39  | 2347       | 85.6412- | 25.3736- | 0        | 3.2      | 0.3      | 0.000000 | 0.000000 | -        | 0.000000 | 0.000000 | 4.000000 | 0.0      | 0.0      | 1.0      | 72045    |
| 40  | 2277       | 85.7268- | 25.8547- | 0        | 3.2      | 0.3      | 0.000000 | 0.000000 | -        | 0.000000 | 0.000000 | 4.000000 | 0.0      | 0.0      | 1.0      | 77920    |
| 41  | 2291       | 85.9013- | 25.0817- | 0        | 3.0      | 0.2      | 0.000000 | 0.000000 | -        | 0.000000 | 0.000000 | 4.000000 | 0.0      | 0.0      | 1.0      | 79318    |
| 42  | 2181       | 82.1182- | 26.0176- | 0        | 3.1      | 0.3      | 0.000000 | 0.000000 | -        | 0.000000 | 0.000000 | 4.000000 | 0.0      | 0.0      | 1.0      | 91019    |
| 43  | 2439       | 83.8868- | 24.3251- | 0        | 3.2      | 0.3      | 0.000000 | 0.000000 | -        | 0.000000 | 0.000000 | 4.000000 | 0.0      | 0.0      | 1.0      | 69242    |
| 44  | 2232       | 85.3046- | 25.3261- | 0        | 3.1      | 0.3      | 0.000000 | 0.000000 | -        | 0.000000 | 0.000000 | 4.000000 | 0.0      | 0.0      | 1.0      | 84400    |
| 45  | 2415       | 83.7681- | 24.2471- | 0        | 3.3      | 0.3      | 0.000000 | 0.000000 | -        | 0.000000 | 0.000000 | 4.000000 | 0.0      | 0.0      | 1.0      | 70934    |
| 46  | 2327       | 83.2402- | 24.1030- | 0        | 3.3      | 0.4      | 0.000000 | 0.000000 | -        | 0.000000 | 0.000000 | 4.000000 | 0.0      | 0.0      | 1.0      | 78228    |
| 47  | 2342       | 83.9026- | 23.5639- | 0        | 3.2      | 0.3      | 0.000000 | 0.000000 | -        | 0.000000 | 0.000000 | 4.000000 | 0.0      | 0.0      | 1.0      | 70946    |
| 48  | 2193       | 86.4569- | 26.9730- | 0        | 3.1      | 0.3      | 0.000000 | 0.000000 | -        | 0.000000 | 0.000000 | 4.000000 | 0.0      | 0.0      | 1.0      | 69014    |
| 49  | 2208       | 85.2355- | 26.4490- | 0        | 3.2      | 0.3      | 0.000000 | 0.000000 | -        | 0.000000 | 0.000000 | 4.000000 | 0.0      | 0.0      | 1.0      | 72291    |
| 50  | 2311       | 87.5378- | 26.6582- | 0        | 3.3      | 0.3      | 0.000000 | 0.000000 | -        | 0.000000 | 0.000000 | 4.000000 | 0.0      | 0.0      | 1.0      | 79799    |
| 51  | 2407       | 84.1296- | 23.7083- | 0        | 3.2      | 0.3      | 0.000000 | 0.000000 | -        | 0.000000 | 0.000000 | 4.000000 | 0.0      | 0.0      | 1.0      | 67668    |
| 52  | 2333       | 85.4264- | 26.1708- | 0        | 3.3      | 0.3      | 0.000000 | 0.000000 | -        | 0.000000 | 0.000000 | 4.000000 | 0.0      | 0.0      | 1.0      | 73257    |
| 53  | 2514       | 85.3221- | 26.5127- | 0        | 3.4      | 0.3      | 0.000000 | 0.000000 | -        | 0.000000 | 0.000000 | 4.000000 | 0.0      | 0.0      | 1.0      | 63016    |
| 54  | 2240       | 84.5535- | 21.9240- | 0        | 3.2      | 0.3      | 0.000000 | 0.000000 | -        | 0.000000 | 0.000000 | 4.000000 | 0.0      | 0.0      | 1.0      | 97766    |
| 55  | 2337       | 84.8523- | 24.6372- | 0        | 3.3      | 0.3      | 0.000000 | 0.000000 | -        | 0.000000 | 0.000000 | 4.000000 | 0.0      | 0.0      | 1.0      | 93602    |
| 56  | 2242       | 85.2809- | 23.2454- | 0        | 3.2      | 0.3      | 0.000000 | 0.000000 | -        | 0.000000 | 0.000000 | 4.000000 | 0.0      | 0.0      | 1.0      | 85016    |
| 57  | 2299       | 84.1235- | 25.1627- | 0        | 3.1      | 0.3      | 0.000000 | 0.000000 | -        | 0.000000 | 0.000000 | 4.000000 | 0.0      | 0.0      | 1.0      | 74762    |
| 58  | 2219       | 82.7850- | 23.7194- | 0        | 3.1      | 0.3      | 0.000000 | 0.000000 | -        | 0.000000 | 0.000000 | 4.000000 | 0.0      | 0.0      | 1.0      | 79616    |
| 59  | 2343       | 85.1899- | 23.5812- | 0        | 3.4      | 0.3      | 0.000000 | 0.000000 | -        | 0.000000 | 0.000000 | 4.000000 | 0.0      | 0.0      | 1.0      | 75006    |
156575,160376,158737,158399,
TPC-C = 634087
CH = 0
